Sample	1
Fold	1
Rank	
501	0.74603174603174593
500	0.75396825396825395
499	0.74603174603174593
498	0.74603174603174605
497	0.73809523809523803
496	0.74603174603174593
495	0.74603174603174593
494	0.74603174603174593
493	0.75396825396825395
492	0.75396825396825395
491	0.75396825396825395
490	0.75396825396825395
489	0.75396825396825395
488	0.75396825396825395
487	0.76190476190476186
486	0.76190476190476186
485	0.76190476190476186
484	0.76190476190476186
483	0.76190476190476186
482	0.76190476190476186
481	0.75396825396825395
480	0.75396825396825395
479	0.76190476190476186
478	0.75396825396825395
477	0.74603174603174605
476	0.74603174603174605
475	0.74603174603174605
474	0.75396825396825395
473	0.75396825396825395
472	0.74603174603174605
471	0.73809523809523803
470	0.74603174603174605
469	0.74603174603174605
468	0.74603174603174605
467	0.74603174603174593
466	0.73809523809523803
465	0.75396825396825395
464	0.75396825396825395
463	0.76190476190476186
462	0.75396825396825395
461	0.76190476190476186
460	0.74603174603174605
459	0.74603174603174605
458	0.74603174603174605
457	0.73809523809523803
456	0.73809523809523803
455	0.73809523809523803
454	0.73809523809523803
453	0.73809523809523803
452	0.73809523809523803
451	0.74603174603174605
450	0.73809523809523803
449	0.73809523809523803
448	0.73015873015873012
447	0.73015873015873012
446	0.73015873015873012
445	0.73015873015873012
444	0.73015873015873012
443	0.73015873015873012
442	0.73015873015873012
441	0.73015873015873012
440	0.73015873015873012
439	0.73015873015873012
438	0.72222222222222221
437	0.69841269841269848
436	0.69841269841269848
435	0.72222222222222221
434	0.73015873015873012
433	0.73015873015873012
432	0.73015873015873012
431	0.72222222222222221
430	0.7142857142857143
429	0.7142857142857143
428	0.7142857142857143
427	0.72222222222222221
426	0.73015873015873012
425	0.70634920634920628
424	0.71428571428571419
423	0.71428571428571419
422	0.71428571428571419
421	0.71428571428571419
420	0.72222222222222221
419	0.72222222222222221
418	0.72222222222222221
417	0.72222222222222221
416	0.73015873015873012
415	0.72222222222222221
414	0.71428571428571419
413	0.71428571428571419
412	0.71428571428571419
411	0.70634920634920628
410	0.7142857142857143
409	0.72222222222222221
408	0.72222222222222221
407	0.72222222222222221
406	0.72222222222222221
405	0.72222222222222221
404	0.72222222222222221
403	0.73015873015873012
402	0.73015873015873012
401	0.72222222222222221
400	0.72222222222222221
399	0.72222222222222221
398	0.71428571428571419
397	0.70634920634920628
396	0.69047619047619047
395	0.69047619047619047
394	0.69841269841269837
393	0.69841269841269837
392	0.69047619047619047
391	0.69841269841269837
390	0.69047619047619047
389	0.69047619047619047
388	0.69047619047619047
387	0.69047619047619047
386	0.69047619047619047
385	0.69047619047619047
384	0.69841269841269837
383	0.69841269841269837
382	0.69047619047619047
381	0.69047619047619047
380	0.69841269841269837
379	0.69841269841269837
378	0.69841269841269837
377	0.71428571428571419
376	0.70634920634920628
375	0.71428571428571419
374	0.71428571428571419
373	0.69841269841269837
372	0.70634920634920628
371	0.69841269841269837
370	0.69841269841269837
369	0.70634920634920628
368	0.70634920634920628
367	0.71428571428571419
366	0.70634920634920628
365	0.70634920634920628
364	0.68253968253968256
363	0.68253968253968256
362	0.69841269841269837
361	0.70634920634920628
360	0.69841269841269837
359	0.69047619047619047
358	0.69047619047619047
357	0.67460317460317465
356	0.69047619047619047
355	0.70634920634920639
354	0.70634920634920639
353	0.70634920634920639
352	0.72222222222222221
351	0.70634920634920639
350	0.69047619047619047
349	0.69047619047619047
348	0.70634920634920639
347	0.69841269841269837
346	0.70634920634920639
345	0.67460317460317465
344	0.68253968253968256
343	0.67460317460317465
342	0.69047619047619047
341	0.68253968253968256
340	0.69047619047619047
339	0.69047619047619047
338	0.69047619047619047
337	0.70634920634920628
336	0.69841269841269837
335	0.69841269841269837
334	0.69047619047619047
333	0.69047619047619047
332	0.69047619047619047
331	0.69047619047619047
330	0.69841269841269837
329	0.68253968253968256
328	0.69047619047619047
327	0.69047619047619047
326	0.69047619047619047
325	0.69047619047619047
324	0.69047619047619047
323	0.68253968253968256
322	0.68253968253968256
321	0.67460317460317465
320	0.68253968253968256
319	0.69047619047619047
318	0.68253968253968256
317	0.67460317460317465
316	0.67460317460317465
315	0.69047619047619047
314	0.67460317460317465
313	0.67460317460317465
312	0.67460317460317465
311	0.67460317460317465
310	0.69047619047619047
309	0.69841269841269837
308	0.69841269841269837
307	0.69841269841269837
306	0.70634920634920639
305	0.70634920634920639
304	0.7142857142857143
303	0.7142857142857143
302	0.70634920634920639
301	0.70634920634920628
300	0.7142857142857143
299	0.70634920634920639
298	0.70634920634920639
297	0.70634920634920639
296	0.70634920634920639
295	0.70634920634920639
294	0.70634920634920639
293	0.7142857142857143
292	0.7142857142857143
291	0.72222222222222221
290	0.7142857142857143
289	0.7142857142857143
288	0.70634920634920639
287	0.70634920634920639
286	0.70634920634920628
285	0.69841269841269837
284	0.69841269841269837
283	0.69841269841269837
282	0.70634920634920639
281	0.70634920634920639
280	0.7142857142857143
279	0.70634920634920639
278	0.70634920634920639
277	0.73015873015873023
276	0.73015873015873023
275	0.73015873015873023
274	0.73015873015873023
273	0.73809523809523814
272	0.70634920634920628
271	0.70634920634920628
270	0.7142857142857143
269	0.70634920634920628
268	0.7142857142857143
267	0.7142857142857143
266	0.72222222222222221
265	0.70634920634920628
264	0.70634920634920628
263	0.70634920634920628
262	0.70634920634920628
261	0.70634920634920628
260	0.70634920634920628
259	0.70634920634920628
258	0.70634920634920639
257	0.72222222222222221
256	0.70634920634920639
255	0.7142857142857143
254	0.72222222222222221
253	0.73809523809523814
252	0.72222222222222221
251	0.72222222222222221
250	0.72222222222222221
249	0.7142857142857143
248	0.73015873015873012
247	0.7142857142857143
246	0.7142857142857143
245	0.73015873015873012
244	0.73015873015873012
243	0.73015873015873012
242	0.73015873015873012
241	0.73015873015873012
240	0.73809523809523814
239	0.73015873015873012
238	0.73015873015873012
237	0.73015873015873012
236	0.73015873015873012
235	0.73015873015873012
234	0.7222222222222221
233	0.74603174603174605
232	0.73809523809523814
231	0.73015873015873023
230	0.73015873015873023
229	0.72222222222222221
228	0.73015873015873023
227	0.73809523809523814
226	0.73015873015873023
225	0.73015873015873023
224	0.73809523809523814
223	0.73015873015873012
222	0.73809523809523814
221	0.73809523809523814
220	0.73809523809523814
219	0.73015873015873023
218	0.72222222222222221
217	0.72222222222222221
216	0.72222222222222221
215	0.69841269841269837
214	0.70634920634920628
213	0.69047619047619047
212	0.69047619047619047
211	0.68253968253968256
210	0.70634920634920639
209	0.7142857142857143
208	0.72222222222222221
207	0.72222222222222221
206	0.72222222222222221
205	0.72222222222222221
204	0.7142857142857143
203	0.7142857142857143
202	0.70634920634920628
201	0.7142857142857143
200	0.7142857142857143
199	0.70634920634920639
198	0.70634920634920628
197	0.7142857142857143
196	0.7142857142857143
195	0.73015873015873012
194	0.73015873015873012
193	0.73015873015873012
192	0.73015873015873012
191	0.73015873015873012
190	0.73015873015873012
189	0.72222222222222221
188	0.72222222222222221
187	0.7142857142857143
186	0.73015873015873012
185	0.72222222222222221
184	0.73809523809523814
183	0.73809523809523814
182	0.72222222222222221
181	0.72222222222222221
180	0.75396825396825395
179	0.74603174603174605
178	0.75396825396825395
177	0.73015873015873012
176	0.72222222222222221
175	0.72222222222222221
174	0.73809523809523814
173	0.73015873015873012
172	0.73015873015873023
171	0.73809523809523814
170	0.74603174603174605
169	0.73809523809523814
168	0.76190476190476186
167	0.74603174603174605
166	0.73809523809523814
165	0.73015873015873012
164	0.73015873015873012
163	0.7142857142857143
162	0.72222222222222221
161	0.73015873015873012
160	0.73809523809523814
159	0.72222222222222221
158	0.7142857142857143
157	0.7142857142857143
156	0.70634920634920628
155	0.7142857142857143
154	0.74603174603174605
153	0.73809523809523814
152	0.76190476190476186
151	0.75396825396825395
150	0.76190476190476186
149	0.76190476190476186
148	0.76190476190476186
147	0.76190476190476186
146	0.76984126984126988
145	0.76984126984126988
144	0.76984126984126988
143	0.76190476190476186
142	0.77777777777777779
141	0.76190476190476186
140	0.76190476190476186
139	0.76984126984126977
138	0.77777777777777768
137	0.74603174603174605
136	0.73809523809523814
135	0.73809523809523814
134	0.73015873015873023
133	0.73015873015873023
132	0.75396825396825395
131	0.74603174603174605
130	0.75396825396825395
129	0.74603174603174605
128	0.76190476190476186
127	0.76190476190476186
126	0.75396825396825395
125	0.75396825396825395
124	0.76984126984126988
123	0.77777777777777779
122	0.75396825396825395
121	0.75396825396825395
120	0.74603174603174605
119	0.75396825396825395
118	0.73809523809523814
117	0.74603174603174605
116	0.74603174603174605
115	0.76190476190476186
114	0.76190476190476186
113	0.74603174603174605
112	0.72222222222222221
111	0.70634920634920628
110	0.7142857142857143
109	0.69841269841269837
108	0.68253968253968245
107	0.67460317460317454
106	0.68253968253968245
105	0.69047619047619047
104	0.68253968253968256
103	0.69841269841269837
102	0.68253968253968256
101	0.69841269841269837
100	0.68253968253968245
99	0.69841269841269837
98	0.69047619047619047
97	0.69047619047619047
96	0.69841269841269837
95	0.73809523809523814
94	0.73015873015873023
93	0.73015873015873023
92	0.73809523809523814
91	0.73809523809523814
90	0.72222222222222232
89	0.68253968253968256
88	0.69841269841269848
87	0.7142857142857143
86	0.73015873015873023
85	0.73015873015873012
84	0.73015873015873012
83	0.66666666666666674
82	0.69841269841269848
81	0.68253968253968256
80	0.66666666666666663
79	0.66666666666666663
78	0.69047619047619047
77	0.68253968253968245
76	0.67460317460317454
75	0.66666666666666663
74	0.65873015873015872
73	0.65873015873015872
72	0.68253968253968256
71	0.68253968253968256
70	0.69841269841269837
69	0.68253968253968256
68	0.61904761904761907
67	0.61904761904761907
66	0.61904761904761907
65	0.62698412698412698
64	0.62698412698412698
63	0.59523809523809523
62	0.64285714285714279
61	0.64285714285714279
60	0.62698412698412698
59	0.61904761904761907
58	0.60317460317460325
57	0.60317460317460325
56	0.61111111111111116
55	0.59523809523809523
54	0.61111111111111105
53	0.58730158730158732
52	0.60317460317460325
51	0.61904761904761907
50	0.59523809523809523
49	0.58730158730158732
48	0.57936507936507931
47	0.57936507936507931
46	0.58730158730158721
45	0.60317460317460314
44	0.60317460317460314
43	0.60317460317460325
42	0.60317460317460314
41	0.58730158730158732
40	0.60317460317460314
39	0.60317460317460314
38	0.64285714285714279
37	0.60317460317460325
36	0.58730158730158732
35	0.58730158730158732
34	0.57936507936507931
33	0.58730158730158721
32	0.59523809523809523
31	0.58730158730158732
30	0.60317460317460314
29	0.61904761904761907
28	0.60317460317460314
27	0.56349206349206349
26	0.57936507936507931
25	0.5
24	0.48412698412698413
23	0.49206349206349204
22	0.48412698412698413
21	0.52380952380952384
20	0.5
19	0.50793650793650791
18	0.47619047619047616
17	0.46031746031746029
16	0.50396825396825395
15	0.50396825396825395
14	0.5357142857142857
13	0.5357142857142857
12	0.53174603174603174
11	0.52380952380952384
10	0.49206349206349204
9	0.49603174603174599
8	0.50793650793650791
7	0.53174603174603174
6	0.53968253968253965
5	0.51587301587301582
4	0.47222222222222221
3	0.50793650793650791
2	0.56349206349206349
1	0.55158730158730163
