14279	2
15806	19
64384	11
69664	20
76393	38
91962	28
97301	2
128390	19
134726	23
137183	22
173917	1
174638	39
176077	19
176726	0
178420	1
179583	28
180572	20
180825	25
181422	33
182073	38
182383	21
189610	26
189760	0
190490	7
190980	25
190991	22
191391	41
194557	0
194727	13
194733	0
194824	32
196322	28
196724	34
198183	24
198422	0
199054	17
199430	21
227285	25
264552	5
266274	0
282360	22
288651	8
291266	21
292041	22
292921	29
299302	1
299837	32
300859	42
308386	38
312509	2
328617	19
329693	19
333042	1
338950	12
340219	37
352747	0
366161	25
505541	21
545299	3
557974	21
572254	32
581021	1
593422	35
738351	15
782953	32
786708	6
851824	4
1013285	14
1028283	22
1100972	39
2157225	5
2341726	25
2714942	20
3236435	31
3318103	18
3384047	25
3678349	39
3829957	23
4079463	16
4256470	38
4301141	32
4302049	40
4307092	1
4310223	28
4315782	1
4326870	20
4329132	30
4331782	2
4334844	10
4368484	21
4375860	20
4376230	36
4383922	25
4388068	9
4396292	19
4404577	20
4404731	38
4437359	3
4446902	27
4449458	20
