	0	1	2	3	4	5	6	7	8	9	10	11	12	13	14	15	16	17	18	19	20	21	22	23	24	25	26	27	28	29	30	31	32	33	34	35	36	37	38	39	40	41	42
SMIC.036.01.Day.02	0.000160558744431	0.000602095291615	0.0	0.0	0.0	0.000120419058323	0.0	0.0	0.000200698430538	0.0	0.0	0.000361257174969	0.0	0.0	0.0	0.0	0.0	0.000120419058323	0.0	0.000120419058323	0.00646248946333	0.000561955605507	4.01396861077e-05	0.0	0.0	8.02793722153e-05	0.0	0.0	0.000120419058323	0.0	0.0	8.02793722153e-05	0.000120419058323	0.0	0.0	0.0	0.0	0.0	0.000481676233292	4.01396861077e-05	0.0	4.01396861077e-05	0.000441536547184
SMIC.029.01.Day.02	0.0	0.000293453062183	0.0	0.00017607183731	0.000234762449746	8.80359186548e-05	0.0	0.0	5.86906124365e-05	0.00281714939695	0.0	0.000352143674619	0.0	0.0	0.0	0.0	0.0	0.0	0.0	2.93453062183e-05	0.0183408163864	8.80359186548e-05	0.000440179593274	5.86906124365e-05	0.000146726531091	0.00745370777944	0.0	0.0	0.0	0.0046659036887	0.0	0.000234762449746	0.00437245062652	0.0	0.0	0.0	5.86906124365e-05	0.0	0.00202482612906	0.000146726531091	0.0	0.0	0.000733632655457
SMIC.021.03.Day.02	0.0	0.0	0.0	0.0	0.0	0.0	0.0	0.0	0.0	0.0	0.0	0.0	0.0	0.0	0.0	0.0	9.18822070106e-05	0.0	0.0	0.0	0.00225111407176	0.000137823310516	4.59411035053e-05	0.0	0.0	0.000137823310516	0.0	0.000229705517527	0.0	0.0	0.0	4.59411035053e-05	0.0	0.0	0.0	0.0	0.0	0.0	0.0	0.00105664538062	0.0	0.0	0.0
SMIC.007.01.Day.02	0.000220597504097	0.000598764653977	0.0	0.000441195008194	0.0	6.30278583134e-05	0.0	0.0	0.000787848228917	0.000630278583134	3.15139291567e-05	0.0	0.0	0.0	0.0	0.0	0.0	6.30278583134e-05	3.15139291567e-05	0.00318290684483	0.0261250472709	0.000157569645783	0.000346653220724	3.15139291567e-05	9.45417874701e-05	0.00349804613639	0.0	0.0	0.000724820370604	3.15139291567e-05	0.0	0.00154418252868	0.012069834867	9.45417874701e-05	0.0	0.0	0.0	0.0	0.0150636581369	0.000441195008194	3.15139291567e-05	0.0	0.000598764653977
SMIC.018.01.Day.02	2.66042353943e-05	0.0	0.0	0.00109077365117	0.0	5.32084707885e-05	0.0	0.0	0.0	0.0	0.0	0.0	0.0	0.0	0.0	0.0	0.0	0.0	0.0	0.000212833883154	0.00933808662339	0.00154304565287	0.000904544003405	0.092715760349	2.66042353943e-05	0.0	0.0	0.0	0.0	0.0	0.0	0.0	0.00172927530063	0.0	0.0	0.0	0.0	0.0	0.0	0.0	0.0	0.0	5.32084707885e-05
SMIC.014.03.Day.02	0.0001442342364	9.61561575999e-05	0.0	4.80780788e-05	0.0	0.0	0.0	0.0	9.61561575999e-05	0.0	0.0	9.61561575999e-05	0.0	0.0	0.0005528979062	0.0	4.80780788e-05	2.40390394e-05	0.0	0.0053366667468	0.0025962162552	0.0001682732758	0.0006250150244	0.05168393471	0.000120195197	0.0005048198274	0.0	0.0	0.0	0.0	0.0	0.0001442342364	0.0003846246304	0.0	0.0	0.0	0.0	0.0	0.0001442342364	0.0	0.0	0.0	9.61561575999e-05
SMIC.003.01.Day.02	0.000111769308148	0.000251480943333	0.0	0.000223538616296	0.0	0.0	0.0	0.0	0.0	0.0	0.0	0.00153682798703	0.0	0.0	0.0	2.7942327037e-05	0.000195596289259	0.0	0.0	0.000251480943333	0.0159830110652	0.000866212138147	0.0	0.000111769308148	0.000782385157036	0.000111769308148	2.7942327037e-05	0.0	8.3826981111e-05	0.0	0.0	0.000586788867777	0.000754442829999	2.7942327037e-05	0.0	0.0	0.0	0.0	0.000223538616296	0.000195596289259	0.0	0.0	2.7942327037e-05
SMIC.034.01.Day.02	0.000362472059445	0.000120824019815	3.02060049538e-05	0.000543708089168	0.0	6.04120099076e-05	3.02060049538e-05	0.0	0.000181236029723	0.0	0.0	0.0	0.0	0.0	0.0	0.0	3.02060049538e-05	0.000422884069353	0.0	0.000755150123845	0.0206307013834	0.000513502084214	0.000271854044584	0.0	0.000422884069353	0.00969612759016	0.0	0.0	0.000906180148614	0.000755150123845	0.0	6.04120099076e-05	0.00631305503534	0.0	0.0	0.0	0.0	0.0	0.00211442034676	0.000634326104029	0.0	0.0	0.0035945145895
SMIC.030.01.Day.02	0.000127352843789	0.0	5.09411375156e-05	0.000127352843789	0.0	0.0	0.0	0.0	0.0	0.0	0.0	2.54705687578e-05	0.0	0.0	5.09411375156e-05	2.54705687578e-05	0.0	0.000127352843789	0.0	0.000127352843789	0.00769211176486	0.0	0.000560352512672	0.0	2.54705687578e-05	0.00145182241919	0.0	2.54705687578e-05	7.64117062734e-05	0.0	0.0	0.0	0.00570540740175	0.0	0.0	0.0	0.0	0.0	0.000203764550062	2.54705687578e-05	0.0	0.0	0.000152823412547
SMIC.037.01.Day.02	0.000130391696657	0.0	0.0	0.000365096750639	0.0	2.60783393314e-05	0.0	0.0	5.21566786627e-05	0.0	7.82350179941e-05	0.0	0.0	0.0	0.000182548375319	0.0	0.0	0.0	0.0	0.000182548375319	0.01755072237	0.0	0.0021645021645	0.0	0.000182548375319	0.00101705523392	0.0	0.0	0.0	0.0	2.60783393314e-05	2.60783393314e-05	0.0337192927554	0.0	0.0	0.0	0.0	0.0	0.000521566786627	5.21566786627e-05	0.0	0.0	0.0
SMIC.022.02.Day.02	0.0	6.50519331266e-05	0.000130103866253	8.67359108355e-05	0.0	8.67359108355e-05	0.0	0.0	0.0	0.0	0.0	8.67359108355e-05	0.00108419888544	0.0	2.16839777089e-05	4.33679554177e-05	0.0	6.50519331266e-05	0.0	0.000780623197519	0.0132922783355	0.000108419888544	0.000997462974608	0.0	4.33679554177e-05	0.00633172149099	0.0	0.00156124639504	4.33679554177e-05	2.16839777089e-05	0.0	2.16839777089e-05	0.00173471821671	2.16839777089e-05	0.0	0.0	0.0	0.0	0.000715571264393	8.67359108355e-05	2.16839777089e-05	0.0	0.000216839777089
SMIC.022.01.Day.02	0.000597712391665	0.000271687450757	2.71687450757e-05	0.00019018121553	0.0	0.0	8.1506235227e-05	0.0	0.000163012470454	0.0	0.0	0.0	0.0	0.0	0.0	0.0	0.0	0.000163012470454	0.0	0.000271687450757	0.00573260521097	2.71687450757e-05	8.1506235227e-05	0.0	0.000407531176135	0.00584128019127	0.0	0.0	2.71687450757e-05	0.00298856195832	0.0	0.000434699921211	0.000706387371967	0.0	0.0	2.71687450757e-05	0.0	0.0	0.0	0.000108674980303	0.0	0.0	0.00062488113674
SMIC.004.01.Day.02	0.000123061777012	0.0	0.0	0.000738370662072	0.0	3.0765444253e-05	0.0	0.0	0.000153827221265	0.0	0.0	0.0	0.0	0.0	0.0	0.0	0.0	0.000215358109771	0.0	0.00159980310116	0.00913733694315	6.1530888506e-05	6.1530888506e-05	0.0	0.000646074329313	0.000123061777012	0.0	0.0	0.00107679054886	0.000276888998277	0.0	0.000246123554024	0.00575313807531	6.1530888506e-05	0.0	0.0	0.0	0.0	0.000584543440807	9.2296332759e-05	0.0	3.0765444253e-05	3.0765444253e-05
SMIC.035.01.Day.02	0.000140370578327	0.000701852891634	0.0	0.000772038180797	0.0	0.00143879842785	0.0	0.0	0.0	0.000596574957889	0.000105277933745	0.0	0.0	3.50926445817e-05	0.0	7.01852891634e-05	0.0	0.000386019090399	0.0	0.000105277933745	0.0315482874789	0.000140370578327	0.0	0.0	0.00122824256036	0.00393037619315	0.0	0.0	0.00108787198203	0.0032636159461	0.000315833801235	0.000175463222908	0.00533408197642	0.0	0.0	7.01852891634e-05	0.0	0.0	0.0024915777653	0.000526389668725	0.0	0.0	0.00305306007861
SMIC.023.01.Day.02	0.000673227967813	6.41169493156e-05	0.0	0.000480877119867	0.0	0.000128233898631	0.0	6.41169493156e-05	6.41169493156e-05	0.0	0.0	0.0	0.0	0.0	0.0	0.0	0.0	0.000641169493156	0.0	0.000128233898631	0.0026608533966	0.000224409322604	0.000128233898631	0.0	0.00173115763152	0.0284999839708	0.0	0.0	6.41169493156e-05	0.001218222037	0.0	0.000224409322604	0.00115410508768	0.000320584746578	9.61754239733e-05	0.0	0.0	0.0	0.0228256339563	9.61754239733e-05	0.0	0.0	0.0
SMIC.008.02.Day.02	0.000247747050262	0.000154841906414	0.0	0.000216778668979	0.0	3.09683812827e-05	0.0	0.0	3.09683812827e-05	0.000278715431544	0.0	0.0	0.0	0.0	3.09683812827e-05	0.0	0.0	0.000185810287696	0.0	3.09683812827e-05	0.023876621969	0.000185810287696	0.0219565823294	0.0	0.000650336006937	0.00105292496361	0.0	0.0	0.000247747050262	0.00068130438822	0.0	0.000216778668979	0.00170326097055	0.0	0.0	0.0	0.0	0.0	9.29051438481e-05	0.000309683812827	0.0	0.0	0.000247747050262
SMIC.008.03.Day.02	0.000110979579757	3.69931932524e-05	0.000258952352767	7.39863865049e-05	0.0	3.69931932524e-05	0.0	0.0	0.0	0.0	0.0	0.000480911512282	0.0	0.0	0.000369931932524	3.69931932524e-05	0.0	0.00029594554602	0.0	0.0	0.0116158626813	0.000184965966262	0.0	7.39863865049e-05	0.000665877478544	0.0091003255401	0.0	0.0	0.0	0.0	0.0	7.39863865049e-05	0.00110979579757	3.69931932524e-05	0.000110979579757	0.0	0.0	0.0	0.00014797277301	0.0	0.0	0.0	7.39863865049e-05
SMIC.037.02.Day.02	0.0	0.0	0.000265378695398	0.000530757390797	0.0	0.0	0.0	0.0	5.30757390797e-05	0.0	0.0	0.0	0.0	0.0	0.0	0.0	0.0	0.0	0.0	0.000185765086779	0.00249455973674	5.30757390797e-05	0.00437874847407	0.000265378695398	0.0	2.65378695398e-05	0.0	0.00374183960512	0.000212302956319	0.0	0.0	0.0	2.65378695398e-05	0.0	0.0	0.0	0.0	0.0	7.96136086195e-05	0.0	0.0	0.0	0.0
SMIC.036.03.Day.02	0.000521901211556	0.00100652376514	0.0	0.0022367194781	0.0	7.45573159366e-05	0.0	0.0	0.000186393289842	0.000484622553588	7.45573159366e-05	7.45573159366e-05	0.0	0.0	0.0	0.0	0.0	0.00022367194781	0.0	0.00022367194781	0.0283317800559	0.00089468779124	7.45573159366e-05	0.0	0.00044734389562	0.00253494874185	0.0	0.0	0.00260950605778	0.00238583410997	0.0	0.00216216216216	0.00395153774464	0.0	0.0	0.0	0.0	0.0	3.72786579683e-05	0.00067101584343	0.0	0.0	0.0206523765144
SMIC.016.01.Day.02	0.000321276538781	0.000963829616342	0.0	0.000428368718374	0.0	0.000294503493882	0.0	0.0	0.00016063826939	2.67730448984e-05	0.0	0.0	0.0	0.0	2.67730448984e-05	0.0	0.0	0.000348049583679	0.0	5.35460897968e-05	0.0194104575513	0.000187411314289	8.03191346952e-05	0.0	0.000856737436749	0.00904928917566	0.0	0.0	0.000214184359187	0.000214184359187	0.0	0.000187411314289	0.000187411314289	0.0	2.67730448984e-05	0.0	0.0	0.0	0.00356081497149	0.000481914808171	0.0	0.0	0.00259698535514
SMIC.031.03.Day.02	0.000428228845495	0.000171291538198	8.5645769099e-05	0.00128468653649	0.0	0.000199840127898	0.0	0.0	5.70971793993e-05	0.000428228845495	0.0	0.00111339499829	0.0	0.0	0.0	0.0	0.0	0.00105629781889	2.85485896997e-05	0.000599520383693	0.0114765330593	0.000742263332191	5.70971793993e-05	0.0	0.00259792166267	0.010363138061	0.0	0.0	0.00111339499829	0.000656617563092	0.0	0.000942103460089	0.00476761447984	0.000171291538198	0.000114194358799	2.85485896997e-05	0.0	0.0	0.000999200639488	0.000542423204294	0.0	2.85485896997e-05	0.000142742948498
SMIC.006.01.Day.02	0.000260035754916	9.75134080936e-05	9.75134080936e-05	0.000130017877458	0.000130017877458	0.000227531285552	0.0	0.0	9.75134080936e-05	0.0	0.0	0.0	0.0	0.0	0.0	0.0	0.0	0.000617584917926	0.0	3.25044693645e-05	0.0225255972696	0.000227531285552	0.000195026816187	0.000162522346823	0.00162522346823	0.000130017877458	0.0	0.0	0.0	0.0	0.0	0.000227531285552	0.000195026816187	3.25044693645e-05	3.25044693645e-05	0.0	0.0	0.0	0.00035754916301	0.00035754916301	0.0	3.25044693645e-05	6.50089387291e-05
SMIC.014.02.Day.02	0.000117426021606	0.000440347581024	0.0	0.000146782527008	0.0	2.93565054016e-05	0.0	0.000146782527008	0.000117426021606	0.000381634570221	2.93565054016e-05	0.0	0.0	0.0	0.0	2.93565054016e-05	0.0	0.000117426021606	0.0	2.93565054016e-05	0.0267731329263	0.000117426021606	0.0	0.0	0.000117426021606	0.0430953499295	0.0	0.0	0.00091005166745	8.80695162048e-05	0.0	8.80695162048e-05	0.0142379051198	2.93565054016e-05	0.0	0.0	5.87130108032e-05	0.0	0.0133865664631	0.000293565054016	0.0	0.0	0.000704556129638
SMIC.031.04.Day.02	9.02011485613e-05	6.01340990409e-05	0.000240536396163	3.00670495204e-05	6.01340990409e-05	3.00670495204e-05	0.0	0.0	3.00670495204e-05	0.0	0.0	9.02011485613e-05	0.0	0.0	0.0	0.0	3.00670495204e-05	9.02011485613e-05	0.0	3.00670495204e-05	0.00604347695361	0.00108241378274	0.0	0.0	0.000300670495204	0.0044198562795	0.0	6.01340990409e-05	3.00670495204e-05	0.0	0.0	0.000451005742806	0.000300670495204	3.00670495204e-05	0.0	0.0	0.0	0.0	0.0	6.01340990409e-05	0.0	3.00670495204e-05	0.000360804594245
SMIC.005.01.Day.02	0.00015105414212	0.0001078958158	0.0	8.63166526402e-05	0.0	0.000604216568481	0.0	2.15791631601e-05	0.000323687447401	0.000237370794761	0.000388424936881	0.0	0.143005114262	0.0	0.0	0.0	0.0	8.63166526402e-05	0.0	0.000323687447401	0.00446688677413	0.000388424936881	8.63166526402e-05	2.15791631601e-05	0.00015105414212	0.00176949137912	0.0	0.000410004100041	0.00202844133704	0.00019421246844	0.0	0.00114369564748	0.00166159556332	4.31583263201e-05	0.0	2.15791631601e-05	4.31583263201e-05	2.15791631601e-05	0.00243844543709	8.63166526402e-05	0.0	4.31583263201e-05	0.000733691547442
SMIC.006.02.Day.02	0.00434044159275	0.000188714851859	0.0	0.00154117129018	0.0	0.00305089010505	0.0	0.0	0.000786311882745	0.0	0.0	0.0	0.0	0.0	0.0	0.0	0.0	0.0	0.0	0.0	0.00163552871611	3.14524753098e-05	0.000251619802478	0.0	0.0	0.00355412971001	0.0	0.0	0.0281499654023	0.0	0.0	0.0	0.000597597030886	9.43574259294e-05	0.0	0.000188714851859	0.0	0.0	0.0	0.000125809901239	0.0	3.14524753098e-05	9.43574259294e-05
SMIC.009.01.Day.02	0.00111829460073	0.000104840118819	0.0	0.00132797483837	0.0	0.0	0.0	0.0	0.00118818801328	0.0	0.0	0.000698934125459	0.0	0.0	0.0	0.0	0.0	0.000104840118819	0.0	0.0	0.0150270836974	0.0	0.0	0.000139786825092	0.000209680237638	0.00139786825092	0.0	6.98934125459e-05	6.98934125459e-05	0.00136292154464	3.49467062729e-05	0.000174733531365	0.00663987419186	0.0	0.0	0.0	0.0	0.0	6.98934125459e-05	0.000733880831732	0.0	0.0	0.000244626943911
SMIC.026.02.Day.02	3.76123669463e-05	7.52247338925e-05	3.76123669463e-05	0.000827472072818	7.52247338925e-05	3.76123669463e-05	0.0	0.0	0.0	0.0	0.0	0.0	0.0	0.0	0.0	0.0	0.0	0.000188061834731	0.0	0.00402452326325	0.0288486854478	3.76123669463e-05	0.000451348403355	0.0	0.000376123669463	0.00120359574228	0.0	0.0	0.000150449467785	0.0	0.0	0.0	0.000564185504194	0.0	0.0	0.0	0.0	0.0	0.000376123669463	0.000376123669463	0.0	0.0	0.000789859705871
SMIC.042.01.Day.02	0.000230485556238	0.000268899815612	0.0	0.00203595574677	0.0	0.000192071296865	3.84142593731e-05	3.84142593731e-05	0.000192071296865	0.000806699446835	0.0	0.000460971112477	0.0	7.68285187462e-05	0.0	3.84142593731e-05	0.0	0.000230485556238	3.84142593731e-05	0.000345728334358	0.045405654579	0.000153657037492	3.84142593731e-05	0.0	0.000230485556238	0.00314996926859	0.0	0.0	0.00307314074985	7.68285187462e-05	0.0	7.68285187462e-05	0.00702980946527	0.0	0.0	3.84142593731e-05	3.84142593731e-05	3.84142593731e-05	0.000153657037492	0.00130608481868	0.0	0.0	0.00702980946527
SMIC.026.01.Day.02	5.46373446251e-05	0.00032782406775	0.0	5.46373446251e-05	0.0	0.00010927468925	2.73186723125e-05	0.0	8.19560169376e-05	0.0	0.0	0.0015298456495	0.0	2.73186723125e-05	0.0	0.0	0.0	0.00010927468925	0.0	0.0	0.0420161180167	0.0002185493785	0.000136593361563	0.0	0.000628329463188	0.00357874607294	0.0	0.0	0.000382461412375	0.000928834858626	0.0	0.000437098757	0.00188498838956	0.000136593361563	0.0	2.73186723125e-05	0.0	2.73186723125e-05	0.00125665892638	0.000628329463188	0.0	0.000136593361563	0.000628329463188
SMIC.016.02.Day.02	0.000602409638554	0.0013143483023	0.000328587075575	0.0013691128149	0.0	0.0	0.0	0.0	5.47645125958e-05	0.0	0.0	0.0	0.0	0.0	0.0	0.0	0.0	0.000547645125958	0.0	0.000492880613363	0.0153340635268	0.0	0.000109529025192	0.000109529025192	0.000383351588171	0.0130339539978	0.0	0.0	0.00405257393209	0.00104052573932	0.0	0.000219058050383	0.0426615553122	0.0	0.0	5.47645125958e-05	0.0	0.0	0.00180722891566	0.000766703176342	0.0	5.47645125958e-05	0.00317634173056
SMIC.013.01.Day.02	4.16319733555e-05	0.000541215653622	0.0	0.000416319733555	0.0	0.000457951706911	0.0	0.0	0.000333055786844	0.000333055786844	0.0	0.0	0.0	0.0	0.0	0.0	0.0	4.16319733555e-05	0.0	0.0	0.00632805995004	0.00124895920067	4.16319733555e-05	0.0	4.16319733555e-05	0.00428809325562	0.0	0.0	0.000249791840133	0.0	0.0	0.00378850957535	0.00378850957535	0.0	0.0	4.16319733555e-05	0.0	0.0	0.00108243130724	0.0	0.0	0.0	0.00228975853455
SMIC.031.01.Day.02	0.00104594094457	2.68189985786e-05	0.00018773299005	0.00155550191756	0.0	5.36379971572e-05	2.68189985786e-05	0.0	0.000134094992893	0.0	0.0	0.000455922975836	0.0	0.0	0.0	0.0	0.0	0.00056319897015	0.0	0.000402284978679	0.0395043849063	0.000295008984365	0.0	5.36379971572e-05	0.00303054683938	0.00227961487918	2.68189985786e-05	0.000455922975836	0.000134094992893	5.36379971572e-05	0.0	0.000697293963043	0.00514924772709	0.0	8.04569957358e-05	0.0	0.0	8.04569957358e-05	0.000107275994314	0.00182369190334	5.36379971572e-05	2.68189985786e-05	0.0
SMIC.012.01.Day.02	0.000166014466975	0.000308312581525	0.0	0.0176686825566	0.0	0.0001897308194	0.0	0.0	0.000260879876675	2.3716352425e-05	0.0	0.000118581762125	0.0	0.0	2.3716352425e-05	0.0	0.0	0.0	0.0	0.000118581762125	0.00362860192102	0.00182615913672	0.000213447171825	0.0	0.000118581762125	0.0235740543104	0.0	0.0	0.000166014466975	7.1149057275e-05	0.0	0.0007589232776	0.00220562077552	9.48654097e-05	0.0	0.0	2.3716352425e-05	0.0	0.0050278667141	2.3716352425e-05	2.3716352425e-05	4.743270485e-05	0.0015178465552
SMIC.035.03.Day.02	0.000420470927439	0.000120134550697	0.000210235463719	0.0018620855358	0.0	3.00336376742e-05	0.0	0.000300336376742	0.000300336376742	0.0	0.0	0.0	0.0	0.0	0.0	3.00336376742e-05	0.0	0.000510571840461	0.0	0.000210235463719	0.0127642960115	0.000240269101394	0.000120134550697	0.0	0.00132148005766	0.00456511292648	0.0	0.0	0.0	0.00513575204229	0.00120134550697	0.0	0.00243272465161	0.0	0.0	0.0	0.0	0.0	3.00336376742e-05	0.000120134550697	0.0	3.00336376742e-05	0.00264296011533
SMIC.020.01.Day.02	2.42742013788e-05	0.0	0.0	9.70968055151e-05	0.000218467812409	0.0	0.0	0.0	0.0	0.0	0.0	0.0	0.0	0.0	0.0	0.0	0.0	0.0	0.0	0.00237887173512	0.0108262938149	7.28226041363e-05	0.000315564617924	0.0	9.70968055151e-05	0.000169919409651	0.0	2.42742013788e-05	2.42742013788e-05	0.0	0.0	0.0	0.000218467812409	0.0	0.0	0.0	0.0	0.0	0.000655403437227	0.0	0.0	0.0	0.0
SMIC.009.05.Day.02	0.0	0.000101314556369	0.000151971834553	0.0	0.000709201894582	0.000126643195461	0.0	0.0	0.0	0.000101314556369	2.53286390922e-05	0.000253286390922	2.53286390922e-05	0.0	0.0	0.0	0.0	2.53286390922e-05	0.0	0.0	0.00681340391581	5.06572781844e-05	0.0	0.0	0.000202629112738	0.00151971834553	0.0	0.000329272308199	7.59859172767e-05	2.53286390922e-05	0.0	0.000126643195461	0.00139307515007	0.0	0.0	0.0	2.53286390922e-05	0.0	0.0	0.0	0.0	0.0	0.0
SMIC.030.04.Day.02	7.05940489217e-05	0.000458861317991	3.52970244608e-05	0.000211782146765	0.0	0.000988316684903	0.0	0.0	7.05940489217e-05	0.000176485122304	0.0	0.0	0.0	0.0	0.0	0.0	0.0	0.000741237513678	0.0	0.0	0.0265080653701	0.0	0.00123539585613	0.0	0.00190603932089	0.00356499947054	0.0	0.0	0.000105891073383	7.05940489217e-05	0.0	0.000352970244608	0.000282376195687	0.0	7.05940489217e-05	0.0	0.0	0.0	0.000211782146765	0.000458861317991	0.0	0.0	0.000388267269069
SMIC.041.01.Day.02	0.000229574999283	0.000200878124372	0.0	0.000143484374552	0.0	0.000114787499641	0.000114787499641	0.0	0.0	0.0	0.0	0.0	0.0	0.0	0.0	0.0	0.0	0.000487846873475	0.0	0.000172181249462	0.0142049530806	5.73937498206e-05	0.000373059373834	2.86968749103e-05	0.000573937498206	0.0117657187132	0.0	2.86968749103e-05	0.000172181249462	0.000229574999283	8.6090624731e-05	0.0	0.0158693718254	8.6090624731e-05	5.73937498206e-05	0.0	2.86968749103e-05	0.0	2.86968749103e-05	0.000573937498206	0.0	0.0	0.00576807185697
SMIC.024.01.Day.02	0.000264488068649	0.000646526390032	8.81626895498e-05	2.93875631833e-05	0.0	2.93875631833e-05	0.0	0.0	8.81626895498e-05	0.0	0.0	0.000146937815916	0.0	5.87751263665e-05	0.0	0.0	5.87751263665e-05	5.87751263665e-05	5.87751263665e-05	0.000352650758199	0.0421417656048	0.000293875631833	0.000205712942283	0.0	5.87751263665e-05	0.0086105560127	8.81626895498e-05	5.87751263665e-05	8.81626895498e-05	0.000881626895498	0.0	0.000411425884566	0.00355589514517	0.000146937815916	0.0	0.0	0.0	0.0	0.000117550252733	0.00132244034325	2.93875631833e-05	8.81626895498e-05	0.0
SMIC.028.02.Day.02	0.000300235899635	0.000128672528415	0.0	0.000514690113661	0.0	4.28908428051e-05	0.0	0.0	0.000386017585246	0.000900707698906	0.0	0.0	0.0	0.0	0.0	0.0	0.0	0.000428908428051	0.0	8.57816856101e-05	0.0157838301523	0.00017156337122	0.0	0.0	0.000514690113661	0.0143255414969	0.0	0.0	0.00025734505683	8.57816856101e-05	0.0	0.000557580956466	0.00120094359854	0.0	0.0	0.0	0.0	0.0	0.0	0.000128672528415	0.0	0.0	0.00394595753807
SMIC.017.01.Day.02	3.03646798045e-05	0.000242917438436	0.0	0.0	0.0	0.0	0.0	6.07293596089e-05	0.0	0.0	0.0	9.10940394134e-05	0.0	0.0	0.0	0.0	0.000121458719218	6.07293596089e-05	0.0	0.000364376157653	0.0381380378344	3.03646798045e-05	0.000151823399022	0.0	0.0	0.00385631433517	3.03646798045e-05	9.10940394134e-05	0.000151823399022	0.000364376157653	0.0	0.000212552758631	0.00185224546807	3.03646798045e-05	0.0	0.0	3.03646798045e-05	0.0	0.000485834876871	0.000364376157653	0.0	0.0	0.00167005738924
SMIC.011.01.Day.02	0.000186052280691	0.000372104561382	0.000155043567242	0.000682191695867	0.0	9.30261403454e-05	3.10087134485e-05	0.0	0.000868243976557	0.000496139415176	6.2017426897e-05	0.00139539210518	0.0	0.0	0.0	0.0	0.0	6.2017426897e-05	0.0	0.00130236596484	0.0124344940928	0.000279078421036	0.000279078421036	3.10087134485e-05	0.000713200409315	0.0020465750876	0.000248069707588	0.0	0.000651182982418	0.000930261403454	0.0	0.000341095847933	0.0591646252597	0.000186052280691	0.0	0.0	0.0	0.0	0.00347297590623	0.000279078421036	0.000310087134485	9.30261403454e-05	0.00111631368415
SMIC.029.03.Day.02	0.00024829738933	0.00024829738933	0.000106413166856	0.000212826333712	0.0	0.0	0.0	0.0	0.000603007945516	0.0	0.0	0.0	0.000496594778661	0.0	0.0	0.0	0.0	3.54710556186e-05	0.0	0.0	0.0055334846765	7.09421112372e-05	0.0	0.0	0.000106413166856	0.000212826333712	0.0	0.00148978433598	0.000851305334847	0.0	0.0	0.000141884222474	0.00436293984109	0.0	0.0	0.0	0.0	0.0	3.54710556186e-05	0.000106413166856	0.0	0.0	0.000283768444949
SMIC.029.02.Day.02	0.000528384135266	0.000330240084541	0.0	0.000429312109904	0.0	9.90720253624e-05	0.0	0.0	0.000198144050725	0.000165120042271	0.0	0.0	0.0	0.0	0.0	3.30240084541e-05	0.0	0.000165120042271	3.30240084541e-05	0.000231168059179	0.0224233017404	0.000165120042271	3.30240084541e-05	0.0	0.000231168059179	0.0331230804795	0.0	0.000330240084541	0.000165120042271	0.000693504177537	0.0	9.90720253624e-05	0.00455731316667	0.0	0.0	0.0	0.0	3.30240084541e-05	0.00885043426571	0.000198144050725	0.0	0.0	0.00495360126812
SMIC.039.01.Day.02	6.70465973852e-05	0.000368756285619	0.0	6.70465973852e-05	0.0	0.000100569896078	0.0	0.0	0.0	0.0	0.0	0.0	0.0	0.0	0.0	3.35232986926e-05	0.0	0.0	0.0	0.000234663090848	0.065973851827	0.0	3.35232986926e-05	0.0	3.35232986926e-05	0.0148172980221	3.35232986926e-05	0.0	0.0	0.00556486758297	0.0	3.35232986926e-05	0.0580623533356	0.0	0.0	0.0	0.0	0.0	0.000100569896078	0.000536372779081	0.0	0.0	0.00529668119343
SMIC.033.02.Day.02	5.13224073631e-05	3.4214938242e-05	6.84298764841e-05	6.84298764841e-05	0.0	0.000239504567694	0.0	5.13224073631e-05	3.4214938242e-05	0.000102644814726	0.0	0.0	0.0	0.0	1.7107469121e-05	0.0	3.4214938242e-05	0.00017107469121	0.0	0.00017107469121	0.00588496937763	3.4214938242e-05	0.000393471789783	0.0	0.000222397098573	0.00508091832894	0.0	0.0	0.0	0.0	0.0	0.0	0.00017107469121	0.0	0.0	0.0	0.0	0.0	0.000119752283847	3.4214938242e-05	1.7107469121e-05	0.0	8.55373456051e-05
SMIC.009.04.Day.02	0.0	0.0	0.000225790974006	0.0	0.00231435748356	5.64477435015e-05	0.0	0.0	8.46716152522e-05	0.000197567102255	0.0	0.0	2.82238717507e-05	0.0	0.0	0.0	0.0	0.0	0.0	0.0	0.00434647624961	2.82238717507e-05	0.0	0.0	2.82238717507e-05	0.0	0.0	0.000931387767774	2.82238717507e-05	0.0	0.0	8.46716152522e-05	0.000254014845757	0.0	0.0	0.0	0.0	0.0	0.0	0.0	0.0	0.0	0.0
SMIC.050.01.Day.02	8.72016975264e-05	2.90672325088e-05	0.0	0.0	0.0	2.90672325088e-05	0.0	0.0	0.000319739557597	0.0	0.0	0.0	2.90672325088e-05	0.0	0.0	0.0	0.0	2.90672325088e-05	0.0	0.000319739557597	0.00895270761271	0.000145336162544	0.0285149550911	0.0	2.90672325088e-05	0.000494142952649	0.0	0.0	0.0	2.90672325088e-05	0.0	2.90672325088e-05	0.00261605092579	0.0	0.0	0.0	0.0	0.0	2.90672325088e-05	0.000145336162544	0.0	0.0	0.0
SMIC.022.03.Day.02	0.000409573787278	0.000358377063868	0.0	0.000102393446819	0.0	0.0	0.0	0.0	0.000255983617049	0.0	0.0	0.000665557404326	0.0	0.0	2.55983617049e-05	0.0	0.0	0.0	0.0	5.11967234097e-05	0.00276462306412	0.000230385255344	5.11967234097e-05	0.0	0.0	0.000614360680916	0.0	0.0	0.000179188531934	2.55983617049e-05	0.0	0.00238064763855	0.0132343530014	0.0	0.0	0.0	0.0	0.0	7.67950851146e-05	2.55983617049e-05	0.0	0.0	2.55983617049e-05
SMIC.030.02.Day.02	0.0	0.000261174539213	0.0	0.000373106484591	0.0	3.73106484591e-05	0.0	0.0	0.0	3.73106484591e-05	3.73106484591e-05	0.000335795836132	0.00369375419745	0.0	0.0	0.000186553242295	0.0	0.0	0.0	3.73106484591e-05	0.0158570255951	0.000111931945377	0.000335795836132	0.0	3.73106484591e-05	0.0108573987016	0.0	0.00436534586971	7.46212969181e-05	7.46212969181e-05	0.0	0.0	0.00499962689352	3.73106484591e-05	0.0	3.73106484591e-05	0.0	0.0	0.00104469815685	3.73106484591e-05	0.0	0.0	0.00078352361764
SMIC.043.02.Day.02	0.000256714693707	0.000545518724128	0.0	0.000128357346854	0.0	6.41786734268e-05	0.0	0.0	0.000577608060841	0.0	0.000128357346854	0.000417161377274	0.0	0.0	0.0	0.0	0.0	9.62680101402e-05	0.0	0.000224625356994	0.0125469306549	0.000320893367134	6.41786734268e-05	0.0	0.000513429387415	0.0318326220197	0.0	0.0	0.00019253602028	0.000256714693707	0.0	0.00141193081539	0.00019253602028	6.41786734268e-05	0.0	0.0	0.0	3.20893367134e-05	6.41786734268e-05	0.000385072040561	0.0	3.20893367134e-05	0.00612906331226
SMIC.062.02.Day.02	5.69238359076e-05	0.000246669955599	1.89746119692e-05	0.000170771507723	0.0	0.0	1.89746119692e-05	0.0	3.79492239384e-05	0.0	0.0	0.0	0.0	0.0	3.79492239384e-05	1.89746119692e-05	0.0	0.000170771507723	0.0	1.89746119692e-05	0.0100565443437	1.89746119692e-05	0.000360517627415	0.0	9.48730598459e-05	0.00992372205988	0.0	0.000151796895753	3.79492239384e-05	0.000132822283784	0.0	1.89746119692e-05	0.00316876019885	0.0	3.79492239384e-05	0.0	1.89746119692e-05	0.0	0.0	3.79492239384e-05	0.0	0.0	0.00047436529923
SMIC.044.02.Day.02	0.0	0.000194408802831	3.88817605661e-05	0.0543178195109	3.88817605661e-05	3.88817605661e-05	0.0	0.0	0.000194408802831	0.0	0.0	0.0	0.00921497725417	0.0	0.0	0.0	0.0	0.0	0.0	7.77635211322e-05	0.00194408802831	0.000155527042264	0.00972044014153	0.0	0.0	0.00342159492982	0.0	0.000972044014153	0.000272172323963	0.0	0.0	0.000155527042264	0.00408258485944	0.0	0.0	0.0	0.0	0.0	0.0	0.000427699366227	0.000194408802831	3.88817605661e-05	0.0
SMIC.072.01.Day.02	0.000551876379691	0.000551876379691	0.0	0.000367917586461	0.0	0.000245278390974	0.0	0.0	6.13195977434e-05	0.0	6.13195977434e-05	0.0	0.0	0.0	0.0	0.0	0.0	0.000490556781948	0.0	0.000367917586461	0.0617488349276	6.13195977434e-05	0.000122639195487	0.0	0.00306597988717	0.00226882511651	0.0	0.0	6.13195977434e-05	0.00208486632328	0.00018395879323	0.000490556781948	0.000367917586461	0.0	0.0	6.13195977434e-05	0.0	0.0	0.000245278390974	0.00116507235713	0.0	0.0	0.0
SMIC.074.01.Day.02	0.000319425034937	0.000399281293671	0.0	0.000359353164304	0.0	0.000239568776203	0.0	0.0	3.99281293671e-05	0.0	3.99281293671e-05	3.99281293671e-05	0.0	0.0	0.0	0.0	0.0	0.000159712517469	0.0	0.0	0.0132162108205	0.0	0.00143741265722	7.98562587343e-05	0.000718706328609	0.0176482331803	0.0	0.000638850069874	0.00103813136355	3.99281293671e-05	0.0	0.0	0.107845877421	7.98562587343e-05	0.0	0.0	0.0	0.0	0.00107805949291	0.000439209423039	0.000359353164304	0.0	0.000399281293671
SMIC.059.01.Day.02	0.000575657894737	0.000493421052632	0.000164473684211	0.000534539473684	0.0	4.11184210526e-05	4.11184210526e-05	0.0	0.00209703947368	0.0	0.0	0.0122944078947	0.0	0.0	0.0	4.11184210526e-05	4.11184210526e-05	0.000452302631579	0.0	0.000123355263158	0.0323190789474	0.00119243421053	0.000123355263158	0.0	0.00398848684211	0.00180921052632	0.000164473684211	0.000287828947368	0.000164473684211	4.11184210526e-05	0.0	0.0	0.00287828947368	0.000328947368421	0.000287828947368	0.0	0.0	8.22368421053e-05	0.000370065789474	0.00160361842105	0.0	4.11184210526e-05	0.00279605263158
SMIC.048.02.Day.02	0.000289682721188	0.000137218131089	0.000137218131089	0.000777569409505	0.0	0.000289682721188	1.52464590099e-05	3.04929180198e-05	9.14787540594e-05	0.0	0.000106725213069	0.000259189803168	0.0	1.52464590099e-05	0.0	0.0	0.0	0.000106725213069	3.04929180198e-05	0.000518379606336	7.62322950495e-05	0.0024699263596	9.14787540594e-05	0.0	0.000350668557228	0.000182957508119	9.14787540594e-05	0.0	9.14787540594e-05	0.000243943344158	0.0	0.000350668557228	0.000975773376633	7.62322950495e-05	1.52464590099e-05	0.0	0.0	1.52464590099e-05	0.000747076491485	1.52464590099e-05	0.0	1.52464590099e-05	0.0
SMIC.048.01.Day.02	0.000236071765817	0.000157381177211	7.86905886056e-05	0.000629524708845	0.0	0.000393452943028	0.0	7.86905886056e-05	0.0	0.0	0.0	0.000314762354422	7.86905886056e-05	0.0	0.0	0.0	0.0	7.86905886056e-05	7.86905886056e-05	0.000550834120239	0.0	0.00220333648096	0.0	0.0	0.000157381177211	0.000236071765817	0.0	0.0	7.86905886056e-05	7.86905886056e-05	0.0	0.000314762354422	0.0014164305949	0.0	0.0	0.0	0.0	0.0	0.0013377400063	0.0	0.0	0.0	0.0
SMIC.035.02.Day.02	0.000155042765963	0.000232564148944	0.0	0.000103361843975	2.58404609938e-05	0.000103361843975	7.75213829815e-05	0.0	0.0	0.0	0.0	0.0	0.0	0.0	0.0	0.0	0.0	0.000258404609938	0.0	0.00286829117031	0.00935424687976	2.58404609938e-05	0.000671851985839	0.000103361843975	0.000490968758883	7.75213829815e-05	0.0	0.000516809219876	0.000103361843975	0.000232564148944	0.0	0.000232564148944	0.0182692059226	7.75213829815e-05	0.000155042765963	7.75213829815e-05	0.0	0.0	5.16809219876e-05	0.000232564148944	0.0	2.58404609938e-05	0.000620171063852
SMIC.075.01.Day.02	0.00109448177561	0.000661779678273	5.09061290979e-05	0.0012472001629	0.0	0.000279983710039	0.0	0.0	0.000839951130116	0.0	0.0	0.0	0.0	2.5453064549e-05	0.0	0.0	0.0	0.000203624516392	2.5453064549e-05	0.000305436774588	0.0131846874364	0.000305436774588	0.000101812258196	0.0	0.00185807371207	0.00957035227041	0.0	0.0	0.000152718387294	0.00269802484219	0.000178171451843	0.000152718387294	0.00422520871513	0.0	0.000127265322745	0.0	0.0	0.0	0.0	0.000865404194665	0.0	2.5453064549e-05	0.018173488088
SMIC.084.01.Day.02	0.000219925225423	2.44361361582e-05	9.77445446326e-05	0.000342105906214	0.0	0.000415414314689	0.0	7.33084084745e-05	0.0	0.000855264765535	4.88722723163e-05	0.0	0.0	0.0	0.0	0.0	0.0	2.44361361582e-05	2.44361361582e-05	0.000537594995479	0.00686655426044	2.44361361582e-05	9.77445446326e-05	2.44361361582e-05	0.000244361361582	0.00889475356157	4.88722723163e-05	0.0	0.000171052953107	0.000342105906214	0.0	0.000464286587005	0.0302763726999	2.44361361582e-05	2.44361361582e-05	0.0	0.0	0.0	0.0	0.00026879749774	0.0	0.0	0.00405639860225
SMIC.071.03.Day.02	0.000268178683626	0.000114933721554	3.8311240518e-05	3.8311240518e-05	0.0	0.00153244962072	0.0	0.0	0.0	0.0	0.0	7.66224810359e-05	0.0	0.0	0.0	0.0	3.8311240518e-05	0.00038311240518	3.8311240518e-05	0.000498046126734	0.00773887058463	0.0	7.66224810359e-05	0.0	0.00019155620259	0.0153244962072	3.8311240518e-05	0.0	3.8311240518e-05	0.000842847291395	0.0	0.000229867443108	0.00367787908972	3.8311240518e-05	0.0	0.0	0.0	0.0	0.0010727147345	0.000114933721554	0.0	3.8311240518e-05	0.00195387326642
SMIC.070.01.Day.02	0.000714742504608	0.000112854079675	7.52360531167e-05	0.00112854079675	0.0	7.52360531167e-05	0.0	0.0	0.000112854079675	0.0	3.76180265583e-05	0.00022570815935	0.0	0.000112854079675	0.0	3.76180265583e-05	0.0	0.000714742504608	3.76180265583e-05	0.000865214610842	0.0307339276982	0.000150472106233	0.0	0.0	0.00436369108077	0.00331038633713	0.0	0.0	0.000827596584283	0.00101568671707	3.76180265583e-05	0.000376180265583	0.00729789715232	0.0	7.52360531167e-05	0.0	0.0	0.0	0.000940450663958	0.0013542489561	0.0	0.0	0.0
SMIC.071.01.Day.02	0.000596480763495	0.000223680286311	0.0	0.0	0.0	0.00152848195646	0.0	0.0	0.0	0.0	0.0	0.000820161049806	0.0	7.45600954369e-05	0.0	0.0	0.0	0.000410080524903	0.0	0.000186400238592	0.0143900984193	3.72800477185e-05	0.000111840143155	7.45600954369e-05	0.00119296152699	0.000186400238592	0.0	0.0	0.0	0.0143900984193	3.72800477185e-05	0.000149120190874	0.00503280644199	0.000149120190874	0.0	3.72800477185e-05	0.0	3.72800477185e-05	3.72800477185e-05	0.00212496271995	0.0	0.000111840143155	0.0
SMIC.061.01.Day.02	0.00024862736973	0.00182326737802	4.14378949549e-05	6.21568424324e-05	0.0	8.28757899099e-05	4.14378949549e-05	0.0	0.000124313684865	0.000973790531441	8.28757899099e-05	2.07189474775e-05	0.0	0.0	0.0	0.0	2.07189474775e-05	0.000207189474775	0.0	0.000290065264685	0.0253185538175	0.000352222107117	0.00024862736973	0.0	0.00105666632135	0.000103594737387	2.07189474775e-05	0.0	2.07189474775e-05	6.21568424324e-05	0.0	0.000393660002072	0.000103594737387	2.07189474775e-05	0.000269346317207	0.0	0.0	0.0	0.000124313684865	0.00157464000829	0.0	4.14378949549e-05	0.00710659898477
SMIC.073.01.Day.02	0.000557724484105	0.000185908161368	0.0	0.0	0.0	0.000743632645473	0.0	0.0	0.000371816322737	0.000836586726157	0.0	0.000464770403421	0.0	0.0	0.0	0.0	0.0	0.000371816322737	0.0	9.29540806841e-05	0.0172894590073	0.0	0.0	9.29540806841e-05	0.00120840304889	0.00213794385574	0.0	0.0	0.0	0.00297453058189	0.0	0.00120840304889	0.02853690277	9.29540806841e-05	0.0	0.0	0.0	0.0	0.0	0.000836586726157	0.0	9.29540806841e-05	0.00223089793642
SMIC.048.03.Day.02	0.000184672206833	5.54016620499e-05	0.000129270544783	0.000664819944598	0.0	0.000332409972299	0.0	1.84672206833e-05	0.000129270544783	0.0	9.23361034164e-05	9.23361034164e-05	0.0	0.0	0.0	0.0	0.0	7.38688827331e-05	7.38688827331e-05	0.000313942751616	0.0	0.0017728531856	0.0001108033241	0.0	7.38688827331e-05	0.0001108033241	5.54016620499e-05	1.84672206833e-05	0.0	0.000240073868883	0.0	0.00016620498615	0.00108956602031	1.84672206833e-05	0.0	0.0	0.0	0.0	0.000775623268698	0.0	0.0	0.0	0.0
SMIC.033.01.Day.02	0.000203690878722	0.000896239866379	0.0	0.000122214527233	0.0	0.000448119933189	0.0	0.000203690878722	8.1476351489e-05	0.000203690878722	4.07381757445e-05	8.1476351489e-05	8.1476351489e-05	0.0	0.0	0.0	0.0	8.1476351489e-05	4.07381757445e-05	0.0010999307451	0.0295759155905	0.000733287163401	4.07381757445e-05	0.0	0.00130362162382	0.00114066892085	0.0	0.0	4.07381757445e-05	0.000244429054467	0.0	0.000122214527233	0.00765877703996	0.000692548987656	0.0	0.0	4.07381757445e-05	0.0	4.07381757445e-05	0.000203690878722	4.07381757445e-05	0.0	0.00211838513871
SMIC.074.02.Day.02	2.88467085905e-05	0.000201926960134	0.0	2.88467085905e-05	0.0	0.000144233542953	0.0	0.0	0.0	0.0	0.0	0.000663474297583	0.0	0.0	0.0	0.0	2.88467085905e-05	2.88467085905e-05	0.0	0.000403853920268	0.0113656031847	0.0	5.76934171811e-05	0.0	0.000115386834362	0.00646166272428	0.0	0.0	2.88467085905e-05	0.000807707840535	0.000201926960134	2.88467085905e-05	0.00556741475798	2.88467085905e-05	0.0	5.76934171811e-05	0.0	0.0	0.00421161945422	0.000288467085905	0.0	0.0	0.00565395488375
SMIC.040.01.Day.02	0.000255444153522	0.000415096749473	0.0	0.000383166230283	3.19305191902e-05	0.000830193498946	0.0	0.0	6.38610383805e-05	0.0	0.0	0.0	0.0	0.0	0.0	3.19305191902e-05	0.0	0.000351235711093	0.0	0.000319305191902	0.0275879685804	9.57915575707e-05	0.000127722076761	0.0	0.00169231751708	0.0324414074973	0.0	0.0	0.000159652595951	0.00137301232518	0.000191583115141	0.000159652595951	0.00191583115141	3.19305191902e-05	3.19305191902e-05	0.0	0.0	0.0	6.38610383805e-05	0.000798262979756	0.0	0.0	0.00367200970688
SMIC.055.01.Day.02	0.000271702214373	0.000452837023955	0.0	0.000498120726351	0.0	0.000498120726351	0.0	0.0	0.000362269619164	0.0	4.52837023955e-05	4.52837023955e-05	0.0	0.0	0.0	0.0	9.0567404791e-05	0.000271702214373	0.0	0.000226418511978	0.038808132953	0.000226418511978	0.000135851107187	0.0	0.00144907847666	0.0508083140878	0.0	0.0	0.00135851107187	0.00135851107187	0.0	4.52837023955e-05	0.000950957750306	0.0	0.0	0.0	0.0	9.0567404791e-05	0.0214191912331	0.000724539238328	0.0	0.0	0.000724539238328
SMIC.073.02.Day.02	0.0	0.0	5.16288915277e-05	0.0	0.0	0.0	0.0	0.0	0.0	0.0	0.0	5.16288915277e-05	0.0	0.0	0.0	0.0	0.0	5.16288915277e-05	0.0	0.0	0.000258144457638	5.16288915277e-05	0.0	0.0	0.0	0.0	0.0	0.000309773349166	0.0	0.0	0.0	5.16288915277e-05	0.000154886674583	0.0	0.0	0.0	0.0	0.0	0.0	0.000619546698332	0.0	0.0	0.0
SMIC.056.01.Day.02	3.84009830652e-05	0.0	0.0	0.190660880919	0.0	0.0	0.0	0.0	0.0	0.0	0.0	0.0	0.0	0.0	3.84009830652e-05	0.0	0.0	0.0	0.0	0.00376329634039	0.00245766291617	0.0	0.0813716831151	0.0	0.0	3.84009830652e-05	0.0	0.0	0.0	0.0	0.0	0.0	0.000422410813717	0.0	0.0	0.0	0.0	0.0	0.000268806881456	3.84009830652e-05	0.0	0.0	0.0
SMIC.064.01.Day.02	7.02049985959e-05	0.000105307497894	0.0	0.0	0.0	0.000140409997192	0.0	0.0	0.0	0.0	0.0	0.0	0.0	0.0	0.0	0.0	0.0	3.5102499298e-05	0.0	0.000140409997192	0.0262215669756	0.0	0.00017551249649	0.0	0.000280819994384	0.0215178320696	0.0	0.0	0.0	0.00150940746981	0.0	0.000105307497894	0.000702049985959	0.0	3.5102499298e-05	0.0	0.0	0.0	0.000772254984555	0.000491434990171	0.0	0.0	0.00740662735187
SMIC.082.01.Day.02	0.000164934850734	0.0	0.0	0.000164934850734	0.0	0.0	0.0	0.0	0.000329869701468	0.0	0.0	0.0	0.0	0.0	0.0	0.0	0.0	0.000164934850734	0.0	0.0	0.0146792017153	0.0	0.0	0.0	0.00131947880587	0.0	0.0	0.0	0.0	0.000659739402936	0.0	0.000329869701468	0.000989609104404	0.0	0.000164934850734	0.0	0.0	0.0	0.000164934850734	0.000989609104404	0.0	0.0	0.000329869701468
